if game.PlaceId == 2753915549 then
    World1 = true
elseif game.PlaceId == 4442272183 then
    World2 = true
elseif game.PlaceId == 7449423635 then
    World3 = true
else
    game:GetService("Players").LocalPlayer:Kick("Do not Support, Please wait...")
end

function CheckQuest() 
    MyLevel = game:GetService("Players").LocalPlayer.Data.Level.Value
    if World1 then
        if MyLevel == 1 or MyLevel <= 9 then
            Mon = "Bandit"
            LevelQuest = 1
            NameQuest = "BanditQuest1"
            NameMon = "Bandit"
            CFrameQuest = CFrame.new(1059.37195, 15.4495068, 1550.4231, 0.939700544, -0, -0.341998369, 0, 1, -0, 0.341998369, 0, 0.939700544)
            CFrameMon = CFrame.new(1045.962646484375, 27.00250816345215, 1560.8203125)
        elseif MyLevel == 10 or MyLevel <= 14 then
            Mon = "Monkey"
            LevelQuest = 1
            NameQuest = "JungleQuest"
            NameMon = "Monkey"
            CFrameQuest = CFrame.new(-1598.08911, 35.5501175, 153.377838, 0, 0, 1, 0, 1, -0, -1, 0, 0)
            CFrameMon = CFrame.new(-1448.51806640625, 67.85301208496094, 11.46579647064209)
        elseif MyLevel == 15 or MyLevel <= 29 then
            Mon = "Gorilla"
            LevelQuest = 2
            NameQuest = "JungleQuest"
            NameMon = "Gorilla"
            CFrameQuest = CFrame.new(-1598.08911, 35.5501175, 153.377838, 0, 0, 1, 0, 1, -0, -1, 0, 0)
            CFrameMon = CFrame.new(-1129.8836669921875, 40.46354675292969, -525.4237060546875)
        elseif MyLevel == 30 or MyLevel <= 39 then
            Mon = "Pirate"
            LevelQuest = 1
            NameQuest = "BuggyQuest1"
            NameMon = "Pirate"
            CFrameQuest = CFrame.new(-1141.07483, 4.10001802, 3831.5498, 0.965929627, -0, -0.258804798, 0, 1, -0, 0.258804798, 0, 0.965929627)
            CFrameMon = CFrame.new(-1103.513427734375, 13.752052307128906, 3896.091064453125)
        elseif MyLevel == 40 or MyLevel <= 59 then
            Mon = "Brute"
            LevelQuest = 2
            NameQuest = "BuggyQuest1"
            NameMon = "Brute"
            CFrameQuest = CFrame.new(-1141.07483, 4.10001802, 3831.5498, 0.965929627, -0, -0.258804798, 0, 1, -0, 0.258804798, 0, 0.965929627)
            CFrameMon = CFrame.new(-1140.083740234375, 14.809885025024414, 4322.92138671875)
        elseif MyLevel == 60 or MyLevel <= 74 then
            Mon = "Desert Bandit"
            LevelQuest = 1
            NameQuest = "DesertQuest"
            NameMon = "Desert Bandit"
            CFrameQuest = CFrame.new(894.488647, 5.14000702, 4392.43359, 0.819155693, -0, -0.573571265, 0, 1, -0, 0.573571265, 0, 0.819155693)
            CFrameMon = CFrame.new(924.7998046875, 6.44867467880249, 4481.5859375)
        elseif MyLevel == 75 or MyLevel <= 89 then
            Mon = "Desert Officer"
            LevelQuest = 2
            NameQuest = "DesertQuest"
            NameMon = "Desert Officer"
            CFrameQuest = CFrame.new(894.488647, 5.14000702, 4392.43359, 0.819155693, -0, -0.573571265, 0, 1, -0, 0.573571265, 0, 0.819155693)
            CFrameMon = CFrame.new(1608.2822265625, 8.614224433898926, 4371.00732421875)
        elseif MyLevel == 90 or MyLevel <= 99 then
            Mon = "Snow Bandit"
            LevelQuest = 1
            NameQuest = "SnowQuest"
            NameMon = "Snow Bandit"
            CFrameQuest = CFrame.new(1389.74451, 88.1519318, -1298.90796, -0.342042685, 0, 0.939684391, 0, 1, 0, -0.939684391, 0, -0.342042685)
            CFrameMon = CFrame.new(1354.347900390625, 87.27277374267578, -1393.946533203125)
        elseif MyLevel == 100 or MyLevel <= 119 then
            Mon = "Snowman"
            LevelQuest = 2
            NameQuest = "SnowQuest"
            NameMon = "Snowman"
            CFrameQuest = CFrame.new(1389.74451, 88.1519318, -1298.90796, -0.342042685, 0, 0.939684391, 0, 1, 0, -0.939684391, 0, -0.342042685)
            CFrameMon = CFrame.new(1201.6412353515625, 144.57958984375, -1550.0670166015625)
        elseif MyLevel == 120 or MyLevel <= 149 then
            Mon = "Chief Petty Officer"
            LevelQuest = 1
            NameQuest = "MarineQuest2"
            NameMon = "Chief Petty Officer"
            CFrameQuest = CFrame.new(-5035.49609, 28.652049, 4320.19434, -0.379641682, -1.23977655e-07, 0.925142586, 4.93850879e-08, 1, 1.37665672e-07, -0.925142586, 9.62361363e-08, -0.379641682)
            CFrameMon = CFrame.new(-4856.5126953125, 20.65204429626465, 4303.61328125)
        elseif MyLevel == 150 or MyLevel <= 174 then
            Mon = "Sky Bandit"
            LevelQuest = 1
            NameQuest = "SkyQuest1"
            NameMon = "Sky Bandit"
            CFrameQuest = CFrame.new(-4840.16748, 717.669983, -2621.71704, 0.57357645, 0, 0.819152057, 0, 1, 0, -0.819152057, 0, 0.57357645)
            CFrameMon = CFrame.new(-4970.49755859375, 278.4101867675781, -2823.872314453125)
        elseif MyLevel == 175 or MyLevel <= 189 then
            Mon = "Dark Master"
            LevelQuest = 2
            NameQuest = "SkyQuest1"
            NameMon = "Dark Master"
            CFrameQuest = CFrame.new(-4840.16748, 717.669983, -2621.71704, 0.57357645, 0, 0.819152057, 0, 1, 0, -0.819152057, 0, 0.57357645)
            CFrameMon = CFrame.new(-5220.58544921875, 430.6933288574219, -2278.375)
        elseif MyLevel == 190 or MyLevel <= 209 then
            Mon = "Prisoner [Lv. 190]"
            LevelQuest = 1
            NameQuest = "PrisonerQuest"
            NameMon = "Prisoner"
            CFrameQuest = CFrame.new(5306.044921875, 1.6359505653381348, 475.117919921875)
            CFrameMon = CFrame.new(5268.4951171875, 0.6359505653381348, 400.96710205078125)
        elseif MyLevel == 210 or MyLevel <= 249 then
            Mon = "Dangerous Prisoner [Lv. 210]"
            LevelQuest = 2
            NameQuest = "DangerousPrisonerQuest"
            NameMon = "Dangerous Prisoner"
            CFrameQuest = CFrame.new(5306.044921875, 1.6359505653381348, 475.117919921875)
            CFrameMon = CFrame.new(5268.4951171875, 0.6359505653381348, 400.96710205078125)
        elseif MyLevel == 250 or MyLevel <= 274 then
            Mon = "Toga Warrior [Lv. 250]"
            LevelQuest = 1
            NameQuest = "ColosseumQuest"
            NameMon = "Toga Warrior"
            CFrameQuest = CFrame.new(-1576.11731, 7.38933945, -2983.30737, -0.999406815, 0, 0.0346510075, 0, 1, 0, -0.0346510075, 0, -0.999406815)
            CFrameMon = CFrame.new(-1778.42224, 44.6070328, -2736.354)
        elseif MyLevel == 275 or MyLevel <= 299 then
            Mon = "Gladiator [Lv. 275]"
            LevelQuest = 2
            NameQuest = "ColosseumQuest"
            NameMon = "Gladiator"
            CFrameQuest = CFrame.new(-1576.11731, 7.38933945, -2983.30737, -0.999406815, 0, 0.0346510075, 0, 1, 0, -0.0346510075, 0, -0.999406815)
            CFrameMon = CFrame.new(-1274.64404, 7.78706217, -3188.87085)
        elseif MyLevel == 300 or MyLevel <= 329 then
            Mon = "Military Soldier [Lv. 300]"
            LevelQuest = 1
            NameQuest = "MagmaQuest"
            NameMon = "Military Soldier"
            CFrameQuest = CFrame.new(-5318.13184, 12.2369862, 8517.41309, 0.285685241, 0, 0.958333731, 0, 1, 0, -0.958333731, 0, 0.285685241)
            CFrameMon = CFrame.new(-
